
# Physical constants in SI units

c = 2.99792458E8
e = 1.602176462E-19
epsilon0 = 8.854187817E-12
mu0 = 1.256637061E-6
G = 6.67408E-11
h = 6.626070040E-34
hbar = 1.054571800E-34

a0 = 5.2917721092E-11
me = 9.10938291E-31
mp = 1.672621777E-27
mn = 1.67492716E-27
Rinf = 1.0973731568539E7
alpha = 7.2973525698E-3
re = 2.8179403267E-15
lambdaC = 2.426310215E-12

u = 1.660538921E-27
NA = 6.02214129E-23
kB = 1.3806488E-23
R = 8.3144621
RH = 3.289841960368E15
sigma = 5.670373E-8

theta0 = -273.15
Tn = 273.15
pn = 101325.0
Vmn = 22.413996E-3
gn = 9.80665

